0
-0
8.44985e-11
-0
0
0
0
0
0
0
0
0
0
-0
-0
-0
-0
-0
-0
-0
-0
-0
-0
0
0
0
0
0
0
0
0
0
0
-0
-0
-0
-0
-0
-0
-0
-0
-0
-0
0
0
0
0
0
0
0
0
0
0
-0
-0
-0
-0
-0
-0
-0
-0
-0
-5.16971e-06
-9.7792e-06
-1.3329e-05
-1.54343e-05
-1.58672e-05
-1.45805e-05
-1.17139e-05
-7.57785e-06
-2.62064e-06
2.62056e-06
7.57777e-06
1.17138e-05
1.45805e-05
1.58672e-05
1.54344e-05
1.3329e-05
9.77927e-06
5.16979e-06
1.66694e-06
3.16509e-06
4.34293e-06
5.08123e-06
5.3053e-06
4.99244e-06
4.17432e-06
2.93375e-06
1.39626e-06
-2.8253e-07
-1.93273e-06
-3.38733e-06
-4.49911e-06
-5.15557e-06
-5.29026e-06
-4.88954e-06
-3.99399e-06
-2.69422e-06
-1.12179e-06
5.64174e-07
2.19304e-06
3.59996e-06
4.64255e-06
5.21529e-06
5.26022e-06
4.77279e-06
3.80233e-06
2.44706e-06
8.44136e-07
-8.4422e-07
-2.44714e-06
-3.80239e-06
-4.77283e-06
-5.26023e-06
-5.21527e-06
-4.64251e-06
-3.5999e-06
-2.19296e-06
-5.6409e-07
1.12187e-06
2.6943e-06
3.99404e-06
4.88958e-06
5.29026e-06
5.15555e-06
4.49907e-06
3.38726e-06
1.93265e-06
2.82445e-07
-1.39634e-06
-2.93382e-06
-4.17438e-06
-4.99247e-06
-5.3053e-06
-5.08121e-06
-4.34288e-06
-3.16503e-06
-1.66686e-06
0
0
0
0
0
0
0
0
0
-0
-0
-0
-0
-0
-0
-0
-0
-0
0.00369004
-0.00466667
0.00113872
0.00799854
-0.000649451
-0.897576
-0.891374
0.901209
0.895744
0.901445
-0.917619
0.880768
-0.899474
-0.881068
0.898563
0.965203
-0.96695
0.274775
-0.269789
-0.302186
-0.280643
0.281677
0.28678
0.111472
-0.130353
-0.00491636
-0.0186038
0.0385814
-0.0374316
-0.0548027
0.0513512
0.0017943
0.0196114
0.786495
0.787723
-0.787823
-0.788106
0.560332
-0.579895
0.811366
-0.821334
-0.823643
0.842732
0.84073
-0.841526
0.259063
-0.655363
0.626671
0.494053
0.536001
-0.538469
-0.494368
-0.322466
-0.225674
0.20411
-0.204741
-0.690189
0.677047
0.710732
-0.702519
0.273946
0.526696
0.553183
-0.558763
0.680715
-0.669341
0.295629
-0.24323
0.252553
-0.233012
0.518722
-0.495193
-0.502529
0.505716
0.657642
-0.657006
-0.65685
0.655425
-0.49702
0.499461
-0.321618
0.0527121
-0.0384694
-0.437976
-0.314641
0.105884
-0.0989184
0.0618727
-0.0104682
-0.327481
-0.326961
0.32913
0.329978
0.393957
-0.393742
-0.0704807
0.077774
-0.841863
0.69041
0.689842
-0.691127
-0.691253
0.35612
0.455406
0.118309
-0.156435
0.175319
-0.524423
0.540592
0.501389
-0.515498
-0.594335
0.655764
-0.655978
0.590173
0.547775
-0.516383
-0.887094
0.880604
0.915882
-0.638186
0.619833
0.146821
-0.145744
0.021182
0.539223
-0.539249
-0.92546
0.790947
0.568611
-0.560198
-0.616826
0.6186
0.382678
-0.406359
-0.594642
0.593922
-0.638464
0.637336
-0.138722
0.368075
-0.364413
0.36494
0.837136
-0.828031
0.225954
0.196995
-0.464242
-0.487537
0.0897171
0.0921186
-0.0887525
-0.092838
0.336995
-0.337637
0.334335
-0.335077
-0.214014
0.0678887
0.582267
-0.597002
-0.943147
0.933019
-0.0184974
0.285044
-0.284974
0.61811
-0.0940287
-0.0600642
0.0581137
-0.196268
0.194989
0.448619
0.826705
-0.544808
0.961404
-0.961291
-0.959156
0.958391
-0.958635
0.962182
0.0463082
0.463114
0.106193
0.12257
-0.099834
0.967576
-0.964596
0.946575
-0.944278
-0.0134006
0.858671
-0.874164
-0.861397
0.87095
0.127653
-0.0496716
-0.728784
0.727479
-0.331391
0.531968
-0.533488
0.245521
-0.237228
-0.288025
0.473466
0.477371
-0.477988
-0.480218
-0.429224
-0.427516
0.431556
0.427511
0.185456
-0.73177
0.273435
-0.273312
-0.581329
-0.584801
-0.745938
0.363733
0.360348
-0.366277
-0.367121
0.0645499
0.0730732
-0.0672444
-0.0693967
0.535778
0.565103
-0.722007
-0.666706
0.682968
-0.670668
0.68036
0.158295
-0.174837
0.337334
-0.0346378
-0.161861
-0.314034
-0.733413
0.0583529
-0.316428
-0.590598
0.482591
0.662174
-0.315556
0.350646
0.444597
-0.460891
-0.35405
0.333579
0.466687
-0.471368
0.397967
-0.0621874
0.0625574
0.84257
-0.584721
-0.0659918
0.075509
-0.071896
-0.035738
0.427548
-0.419949
-0.0769347
-0.46834
0.434149
-0.610405
0.60976
-0.383996
-0.0170528
0.061602
-0.151501
0.191975
-0.204684
0.60764
0.762277
-0.0639087
-0.0359978
0.443814
0.442583
0.445439
-0.443483
-0.439294
0.57301
-0.88072
0.271524
-0.455139
0.770381
-0.776619
0.341163
-0.342099
-0.401507
0.397718
0.447704
-0.442548
-0.203263
0.135387
-0.160854
0.145065
-0.374838
0.376635
-0.0657049
-0.647794
0.798973
-0.803048
0.00617679
-0.806418
0.485303
0.164714
-0.784053
0.0620839
-0.063219
-0.390905
0.760442
0.740544
-0.741602
0.347289
0.458169
-0.458168
-0.51638
-0.202569
0.348167
-0.349946
0.962355
0.961465
-0.962288
-0.962354
0.652769
-0.0753386
0.0851232
0.078554
0.464653
-0.475702
-0.133974
0.113329
-0.631445
-0.317546
-0.991708
0.81
-0.281695
-0.0780278
0.652992
0.988394
0.802777
-0.535724
-0.384783
0.0890574
0.0888971
-0.0899603
-0.0876353
0.172871
0.114059
-0.321377
0.329634
-0.32036
0.323382
0.0301207
-0.418025
0.418743
-0.10034
0.100633
-0.981496
-0.0935707
-0.335635
0.332359
-0.028938
0.0628288
-0.0627801
-0.931487
0.938749
0.979252
-0.0315677
-0.429111
-0.368017
0.3653
0.292087
-0.298509
0.299209
-0.82116
-0.241362
0.255013
-0.368582
0.841672
-0.309546
-0.245432
0.895492
0.2343
-0.234214
-0.10444
-0.0581312
0.0561693
0.374368
-0.0106036
0.0103955
-0.264291
-0.263586
0.274754
0.269489
0.176402
0.17761
-0.17861
-0.179413
-0.0648127
0.0652887
-0.649222
0.997162
-0.00873629
0.678553
-0.679194
0.0762445
-0.081203
0.409703
0.404545
-0.415607
-0.407949
0.292216
0.286142
0.250548
0.300478
0.675366
0.198604
-0.230789
-0.229594
0.232502
0.230471
0.677282
0.239442
0.684185
-0.0722303
-0.87345
-0.094109
0.0955645
-0.480113
0.482353
0.313089
-0.00538964
0.823593
-0.821967
0.708117
0.718899
-0.707766
-0.722791
-0.210019
0.212794
-0.146917
0.303757
0.31421
-0.317964
-0.312072
-0.3068
-0.798121
0.8252
0.361111
-0.339749
0.705049
-0.708979
0.324727
-0.779794
0.786309
0.392584
0.114355
0.778464
0.779197
-0.779883
-0.778683
-0.391468
0.541633
-0.856133
0.845314
-0.809323
-0.309275
0.379483
0.133747
0.135804
-0.134924
-0.13788
-0.995256
0.227389
-0.2271
0.0889783
0.122018
-0.613678
0.613475
0.613565
-0.613386
-0.741063
0.482243
-0.484149
0.348888
-0.316397
0.201207
-0.261312
-0.595536
-0.456091
-0.655054
0.652395
0.455312
0.688718
-0.230182
0.245835
-0.194136
-0.262679
0.263186
0.829446
-0.829475
-0.828549
0.827573
0.424942
0.000786325
0.79896
-0.798978
-0.77841
0.777218
0.302821
0.259661
-0.262091
0.874509
0.0849682
0.406643
0.918745
-0.918972
0.731357
-0.729979
-0.473651
-0.761723
-0.761623
0.26206
-0.262565
0.704861
-0.776807
0.776719
0.282884
0.289899
-0.285562
-0.284762
0.368468
-0.364425
0.861912
0.615444
-0.884898
-0.322864
0.319123
0.343829
-0.345907
-0.438411
0.609539
-0.300318
-0.918973
-0.750458
-0.783936
0.104459
-0.10439
0.757781
0.316453
-0.324736
0.256836
0.376759
-0.789521
0.788277
0.810731
0.988782
0.990682
-0.990581
-0.988717
0.244967
0.244991
-0.244117
-0.247846
0.871506
-0.964533
0.979305
0.00705754
0.742148
-0.744182
-0.0752432
-0.077087
0.075329
0.0811299
0.570805
-0.570872
0.564077
-0.569198
-0.324892
-0.107943
0.561849
-0.565326
0.318373
0.316764
-0.322404
-0.314561
0.811464
0.246453
-0.122393
0.421581
-0.418523
-0.111533
0.413789
0.815868
0.259991
0.584983
-0.706763
-0.913966
0.910443
0.6343
0.0191223
0.0560276
0.299955
-0.32033
0.321594
0.675586
0.0687281
-0.628089
-0.806796
0.969081
-0.0159372
-0.561506
-0.0916355
0.238653
-0.237697
-0.577307
0.576771
-0.758471
-0.74647
-0.535356
-0.494389
0.49298
-0.241535
-0.235673
-0.969233
0.969043
0.719501
0.402017
-0.307276
0.282608
0.04533
-0.747085
0.177622
0.161431
-0.159948
-0.734233
-0.402863
0.472559
-0.467185
0.0996749
0.286739
0.0269029
-0.0262906
-0.0276622
0.0262603
0.825095
-0.918994
-0.701113
0.957954
-0.955206
-0.19768
-0.648001
0.648386
0.633627
0.600327
-0.349404
-0.673085
0.0472174
-0.0476342
-0.572416
0.663989
-0.63994
0.643737
-0.0183324
0.0367607
0.0367738
-0.710865
0.426877
-0.432725
-0.00635312
-0.273831
0.506451
0.199557
0.103443
0.195797
0.704127
0.26768
-0.266833
0.00912592
-0.52525
0.126769
0.875982
-0.878335
-0.792661
-0.194586
0.168527
-0.940289
-0.259242
0.259563
0.825885
0.0574038
0.534189
-0.0945442
0.0942828
0.683197
-0.139243
-0.884322
-0.295941
-0.0666432
0.235606
0.429392
-0.880134
-0.880179
0.876632
0.877514
-0.675055
-0.671212
0.676431
0.673136
0.00036036
-0.0284098
0.0111084
0.0025206
-0.570342
-0.994961
0.792888
-0.80157
-0.0160412
-0.0130224
-0.561699
-0.533157
0.988394
-0.912432
-0.126661
-0.268653
0.133158
-0.133661
0.432613
-0.526319
-0.1004
0.176851
-0.176454
0.216687
-0.213962
-0.208865
-0.00195776
0.948478
-0.11289
-0.428607
-0.491757
0.369307
0.462044
0.0909355
-0.316714
0.397176
0.309186
0.0770022
-0.832548
0.830574
-0.087578
0.316267
0.278724
-0.98204
-0.354369
-0.0985256
-0.897087
-0.227189
0.228616
-0.574401
-0.105814
-0.62513
0.627084
0.762634
0.376839
-0.375069
-0.879645
0.158187
-0.131777
-0.139152
-0.347044
-0.598812
0.570628
-0.744989
0.745011
-0.248473
-0.00208431
0.0626865
-0.14956
0.69919
-0.851965
0.204117
-0.17713
0.177031
-0.018847
-0.201317
0.0918397
-0.231837
-0.769396
0.162547
0.16247
-0.159864
-0.162303
0.0600075
0.221619
-0.719048
0.716714
0.580812
-0.579211
-0.905522
0.90566
0.0951429
-0.466937
0.0423509
0.156757
0.207555
-0.157683
-0.203659
-0.534801
-0.0404042
-0.291458
-0.575673
-0.825209
0.244617
0.239312
-0.246118
-0.238067
0.99768
-0.0255641
-0.140126
-0.387331
0.641558
0.224574
0.252991
-0.253031
-0.621187
0.00127245
-0.19973
-0.310511
-0.0981065
0.540588
0.544548
-0.543266
-0.539963
0.622319
-0.620964
0.0936367
-0.0914929
-0.559731
0.240356
-0.317468
-0.671625
0.642508
-0.501978
0.152389
0.148957
-0.149535
-0.151521
0.152859
0.588773
-0.572184
-0.0543286
0.0572543
-0.241494
0.241262
-0.138777
0.13375
-0.176458
0.325621
-0.0437829
0.360626
-0.364516
0.920646
-0.919467
-0.55585
0.563455
0.306728
0.847163
-0.847341
0.0397668
0.108152
-0.670727
0.665107
0.263925
-0.227523
-0.140706
-0.0437112
0.992528
0.368997
-0.370768
0.181727
-0.596451
-0.202985
0.179002
-0.335452
-0.191508
0.193477
-0.815111
0.190678
-0.193035
0.666663
-0.665383
0.789273
0.117656
-0.390652
-0.388461
0.391282
0.39103
-0.0673932
-0.150066
0.150318
0.534617
-0.0826366
0.0846732
-0.217627
0.217751
-0.0673817
-0.53665
-0.272258
0.38296
-0.0875622
-0.49596
-0.747988
0.518132
0.0345981
0.259803
-0.40076
0.502826
-0.365928
-0.0579935
-0.918648
0.142907
-0.503369
0.506311
0.532894
-0.512122
-0.536307
0.210825
-0.209057
-0.0589273
0.543565
0.540164
-0.540984
-0.544097
0.643155
0.936843
0.176574
0.0464933
0.625174
-0.286933
-0.383799
-0.457818
-0.457347
0.459087
0.648416
-0.507967
0.507812
-0.473878
0.0638287
-0.550467
0.556181
0.198389
0.191921
-0.191396
0.26966
-0.270559
0.892652
0.463422
0.183053
-0.183056
0.820177
-0.484495
0.496531
0.495904
-0.489724
0.946028
-0.0440019
-0.491155
0.0589843
-0.726724
0.827874
0.593095
-0.600032
-0.00429243
-0.140202
0.16222
0.608595
0.610398
-0.609892
-0.607298
0.416919
-0.074232
0.938726
0.938863
-0.938778
-0.939687
-0.1705
0.673345
-0.663678
0.106236
0.066031
-0.0643716
-0.182173
0.152848
-0.151763
-0.627232
0.602925
-0.756427
-0.299996
-0.293862
0.00134682
0.263086
0.610023
-0.611068
-0.610437
-0.772297
0.46149
-0.2441
0.970504
0.186396
0.576569
-0.353053
-0.0847608
-0.190556
0.188432
0.242146
-0.241369
0.473976
-0.566646
-0.464993
0.0895723
0.814127
0.630986
0.0043952
-0.00416056
0.210762
0.20619
-0.205079
-0.207124
-0.147846
0.455281
-0.259534
0.51292
0.745069
0.845446
0.547949
0.755831
0.427958
-0.250021
-0.428916
0.427517
0.181362
-0.511534
0.191669
-0.342103
0.463071
-0.393694
0.690392
-0.694599
0.499998
-0.502336
0.0640767
0.0663792
0.231828
-0.0216386
-0.212557
0.212001
0.585914
0.875192
0.649584
-0.649859
0.349706
0.466735
0.0325301
-0.19199
0.714466
-0.994088
0.257728
0.378093
-0.377633
-0.404313
-0.862896
-0.805618
-0.210261
-0.20798
0.203091
0.20158
-0.107766
-0.796448
0.823642
-0.0192173
0.494746
-0.491768
-0.586601
0.826304
-0.826742
0.682804
0.0248564
-0.0234261
0.74496
0.611083
-0.749139
0.768208
0.758592
0.48737
-0.488011
0.764953
-0.192379
0.189148
0.327305
-0.33682
-0.301581
0.315538
-0.0484666
0.698179
-0.698185
-0.0493214
0.176226
-0.323006
0.33739
0.496693
0.965856
-0.270239
0.269999
0.084756
-0.106579
-0.105351
0.103789
0.10365
0.233994
-0.236678
0.753189
-0.0374768
-0.87971
-0.974149
0.104232
-0.0900084
0.590494
0.588091
-0.591924
-0.588041
0.0942802
-0.518023
0.121485
0.53894
-0.652798
-0.153004
0.161217
0.768006
-0.459526
-0.580057
0.272399
-0.268792
-0.313885
0.451045
-0.507538
-0.772228
-0.585043
0.588405
0.0547485
-0.0547479
0.466364
-0.466372
-0.102644
0.100789
-0.759855
0.744549
-0.744957
0.762606
-0.786857
0.184849
0.214316
0.489085
0.680502
-0.683087
-0.944881
0.188636
-0.949314
0.464328
0.217495
0.229524
-0.586198
0.585891
0.0632296
-0.047836
-0.535711
0.556519
0.199204
-0.197285
0.6298
-0.527985
0.524323
0.483764
0.264475
-0.263061
0.283104
-0.0623174
0.941784
0.328054
-0.328052
-0.483164
0.639674
0.470422
0.74213
0.97232
0.969633
-0.971763
-0.972226
0.205174
0.0200871
-0.0404351
-0.440606
-0.300874
0.921145
-0.768772
-0.429967
0.43025
0.12697
0.125393
-0.126858
-0.128692
-0.657266
-0.106915
-0.22665
0.222562
-0.220436
0.229656
0.583399
0.238945
0.217691
0.222827
-0.221499
-0.219986
0.136489
-0.135348
-0.97742
-0.219859
0.00734852
0.910033
-0.251179
0.251276
-0.163813
-0.111563
-0.606836
-0.177377
0.709262
-0.71127
0.703847
-0.706516
0.603666
-0.769881
0.772453
-0.0885253
-0.08355
0.0868521
0.088526
-0.212505
0.0602466
-0.922368
0.862656
0.0616466
0.272276
-0.268814
-0.195896
-0.0380846
-0.0382457
0.0369236
0.0385209
-0.0067424
-0.699354
0.0329885
-0.0943497
-0.178839
-0.741654
0.303272
0.834584
0.0428786
-0.0439501
0.65445
0.793377
-0.79532
0.943987
0.705867
0.47829
-0.475576
0.0408241
0.0707308
0.621293
-0.69559
-0.388097
-0.355753
0.0444429
0.502599
-0.635391
-0.49052
-0.180155
0.178428
-0.0140462
0.0738686
-0.854535
0.81559
0.479087
0.474178
-0.473506
-0.482135
0.134113
0.0466681
0.0467039
-0.0466172
-0.0468528
-0.0109373
0.015146
-0.400863
0.39873
0.222965
0.405202
-0.321229
-0.321002
-0.0580736
0.396863
0.203963
0.870384
-0.401713
0.19756
-0.54943
0.916823
0.158315
-0.16021
-0.310355
0.530334
-0.292577
0.0220849
-0.193399
-0.126127
-0.882541
-0.882608
0.878423
0.878872
0.438582
0.287646
-0.912762
0.373771
0.848045
-0.851671
-0.681593
0.903681
0.299684
0.937134
0.459888
-0.461997
-0.0108633
0.772474
-0.287354
-0.246978
-0.930096
-0.843071
0.934979
0.0799388
0.993993
0.994385
-0.993874
-0.994477
0.716387
-0.471541
0.0696739
-0.270395
0.0845904
0.791953
-0.535151
-0.515421
0.517024
0.306647
-0.636437
-0.718035
0.318921
-0.318067
0.807517
-0.802846
0.0249592
-0.0212638
-0.191734
0.395442
-0.393702
0.70836
0.313894
0.564658
-0.166383
-0.281031
0.265944
-0.00683901
0.475864
-0.0413452
-0.673513
-0.0602287
0.0615426
0.221994
-0.223946
0.0755719
-0.0740891
-0.0740844
0.0732548
-0.447416
-0.683305
-0.182049
0.182047
-0.496376
-0.916453
0.142608
-0.139003
-0.158452
0.434974
-0.432009
