0
0
0
0
0
0
0
0
0
0
0
0
0
0
0
0
0
0
0
0
0
0
0
0
0
0
0
0
0
0
0
0
0
0
0
0
0
0
0
0
0
0
0
0
0
0
0
0
0
0
0
0
0
0
0
0
0
0
0
0
0
0
0
0
0
0
0
0
0
0
0
0
0
0
0
0
0
0
0
0
0
0
0
0
0
0
0
0
0
0
0
0
0
0
0
0
0
0
0
0
0
0
0
0
0
0
0
0
0
0
0
0
0
0
0
0
0
0
0
0
0
0
0
0
0
0
0
0
0
0
0
0
0
0
0
0
0
0
0
0
0
0
0
0
0
0
0
0
0
0
0
0
0
0
0
0
0.00918891
-0.00170098
-0.000145365
0.0110837
0.00452815
-0.884552
-0.877254
0.898781
0.88636
0.897136
-0.902711
0.871397
-0.884486
-0.869996
0.885452
0.957338
-0.952325
0.274281
-0.262497
-0.296803
-0.276069
0.279566
0.28483
0.112583
-0.125851
-0.00129403
-0.0157107
0.0392712
-0.0364346
-0.0495363
0.056545
0.00595685
0.0246395
0.778566
0.780544
-0.779127
-0.780255
0.557507
-0.570749
0.803047
-0.810019
-0.809642
0.835202
0.83299
-0.831003
0.261036
-0.64451
0.621514
0.488182
0.529146
-0.529865
-0.486806
-0.316036
-0.218646
0.200777
-0.198908
-0.680428
0.669975
0.702642
-0.689878
0.275655
0.523653
0.5488
-0.547522
0.673686
-0.658171
0.296142
-0.238293
0.250107
-0.224107
0.515235
-0.48457
-0.493529
0.502818
0.648939
-0.647338
-0.645329
0.645069
-0.487206
0.499755
-0.311113
0.0543847
-0.0377675
-0.426593
-0.308702
0.109585
-0.0932306
0.060747
-0.00904097
-0.32352
-0.323424
0.327539
0.328293
0.38939
-0.386731
-0.0671479
0.0778045
-0.831638
0.680979
0.680292
-0.680761
-0.680928
0.353544
0.451755
0.122748
-0.150445
0.172999
-0.513099
0.532802
0.498742
-0.508678
-0.583676
0.6502
-0.648148
0.58649
0.545051
-0.504535
-0.872218
0.871594
0.907948
-0.631086
0.613876
0.144805
-0.14267
0.0234342
0.534722
-0.532844
-0.910616
0.78312
0.56594
-0.54998
-0.605958
0.610139
0.381151
-0.401257
-0.58926
0.589071
-0.626667
0.626162
-0.131962
0.366248
-0.358228
0.361597
0.832173
-0.817581
0.224101
0.196753
-0.456837
-0.478008
0.0899348
0.0929544
-0.087604
-0.0925484
0.335709
-0.336217
0.333109
-0.333611
-0.210118
0.0703493
0.578291
-0.590061
-0.925269
0.921171
-0.0123025
0.284201
-0.282179
0.616954
-0.0893973
-0.0557666
0.0583773
-0.192031
0.191385
0.446157
0.823333
-0.534182
0.954404
-0.953123
-0.949612
0.950094
-0.951738
0.955283
0.0489499
0.462397
0.10618
0.122662
-0.0962781
0.961868
-0.948709
0.936689
-0.930131
-0.00567036
0.848314
-0.859389
-0.849389
0.857813
0.129078
-0.0444104
-0.720802
0.72132
-0.323329
0.524898
-0.523984
0.244657
-0.232746
-0.282968
0.468238
0.472342
-0.472308
-0.474776
-0.423666
-0.422981
0.427564
0.424519
0.181844
-0.720292
0.272587
-0.270309
-0.572139
-0.574435
-0.72975
0.360934
0.357342
-0.36246
-0.36329
0.0638324
0.0734105
-0.0654518
-0.0665907
0.533041
0.558557
-0.710605
-0.658563
0.674633
-0.660116
0.672783
0.16029
-0.169283
0.333923
-0.0311676
-0.155629
-0.307194
-0.721652
0.0591917
-0.309636
-0.57961
0.478659
0.655962
-0.310216
0.347825
0.440119
-0.452201
-0.343996
0.33152
0.460879
-0.46355
0.394051
-0.0605973
0.0632918
0.831114
-0.57403
-0.0622121
0.0774309
-0.0708363
-0.0360059
0.424693
-0.415052
-0.0762304
-0.456966
0.432095
-0.60134
0.602897
-0.377038
-0.0145562
0.062644
-0.144766
0.195108
-0.198183
0.60126
0.752847
-0.0603612
-0.0326921
0.43861
0.436882
0.439707
-0.437393
-0.43349
0.566384
-0.867041
0.270628
-0.444889
0.760598
-0.759688
0.335033
-0.335513
-0.395297
0.39209
0.440623
-0.434177
-0.200374
0.136151
-0.156283
0.146636
-0.367772
0.370828
-0.0597396
-0.636009
0.783654
-0.786203
0.0087232
-0.78872
0.48006
0.166903
-0.76899
0.0625399
-0.0607219
-0.380116
0.753076
0.726648
-0.725605
0.34617
0.452611
-0.450861
-0.508858
-0.196652
0.343705
-0.343963
0.9437
0.944058
-0.944048
-0.942738
0.645092
-0.068277
0.0878949
0.0796486
0.463343
-0.464371
-0.130778
0.112119
-0.61716
-0.310567
-0.976493
0.801855
-0.273689
-0.0731847
0.645811
0.978132
0.792756
-0.527145
-0.377458
0.0884032
0.0883539
-0.0884104
-0.0860548
0.173369
0.116736
-0.310619
0.327269
-0.31509
0.3192
0.028829
-0.413309
0.41537
-0.0968854
0.100533
-0.960235
-0.0888562
-0.327647
0.3264
-0.0262901
0.0633757
-0.0620291
-0.91766
0.928828
0.968591
-0.0282224
-0.417922
-0.361959
0.359848
0.290977
-0.291466
0.295058
-0.808293
-0.234196
0.255543
-0.362362
0.833102
-0.301928
-0.239465
0.886085
0.232199
-0.228629
-0.0987783
-0.0558665
0.0545782
0.372201
-0.0108479
0.0111504
-0.260143
-0.260411
0.272856
0.268334
0.173497
0.175616
-0.175006
-0.176416
-0.0620246
0.0635806
-0.639278
0.984912
-0.00308554
0.672847
-0.671496
0.0769634
-0.0788531
0.402609
0.397828
-0.407991
-0.400671
0.293882
0.286145
0.251068
0.301384
0.671823
0.199384
-0.226658
-0.225157
0.229126
0.227584
0.669079
0.238355
0.68026
-0.0675811
-0.8632
-0.0916206
0.0944221
-0.472937
0.478019
0.31323
-0.0025672
0.810621
-0.806116
0.700968
0.709128
-0.699488
-0.711711
-0.206592
0.209668
-0.141527
0.298962
0.30949
-0.31299
-0.306957
-0.302651
-0.785039
0.818551
0.357165
-0.331987
0.697276
-0.697988
0.32304
-0.773577
0.784794
0.389149
0.11059
0.764126
0.765182
-0.765383
-0.763645
-0.380841
0.535834
-0.841141
0.839494
-0.798529
-0.301622
0.378633
0.132493
0.13474
-0.133603
-0.136617
-0.979017
0.227621
-0.225032
0.0912942
0.125558
-0.610278
0.612288
0.612833
-0.609974
-0.730314
0.479851
-0.479424
0.347802
-0.312656
0.200504
-0.255082
-0.588748
-0.448929
-0.646474
0.646024
0.453564
0.684238
-0.224389
0.248727
-0.191921
-0.25606
0.258087
0.823584
-0.822819
-0.82013
0.819974
0.425396
0.00217824
0.790151
-0.789195
-0.770593
0.770355
0.301249
0.256161
-0.257617
0.86763
0.0878359
0.403298
0.906399
-0.905091
0.724072
-0.72047
-0.465909
-0.750755
-0.750859
0.260662
-0.260718
0.69538
-0.768593
0.771821
0.280775
0.287302
-0.282589
-0.282081
0.36665
-0.359631
0.850951
0.614646
-0.871817
-0.319459
0.316098
0.341783
-0.343494
-0.432062
0.606049
-0.295928
-0.908805
-0.73974
-0.776494
0.103098
-0.102851
0.754548
0.31321
-0.32073
0.258526
0.378005
-0.777584
0.779115
0.81062
0.977462
0.976516
-0.974934
-0.975836
0.243835
0.243885
-0.242757
-0.24646
0.864129
-0.948721
0.965042
0.0130909
0.733723
-0.733878
-0.0723913
-0.0737531
0.0735844
0.0795067
0.564005
-0.563519
0.556895
-0.561473
-0.315983
-0.102972
0.557314
-0.558661
0.31592
0.313866
-0.31858
-0.31051
0.807471
0.249704
-0.113336
0.41595
-0.412003
-0.107669
0.412322
0.809616
0.258166
0.582087
-0.69622
-0.900513
0.902026
0.628545
0.0199156
0.0601749
0.298059
-0.31885
0.321195
0.671559
0.0693218
-0.618689
-0.798067
0.957637
-0.0137681
-0.552291
-0.086317
0.236968
-0.234107
-0.565832
0.567828
-0.75048
-0.736739
-0.52629
-0.487915
0.489435
-0.239277
-0.228551
-0.953887
0.960771
0.714227
0.404187
-0.299138
0.284107
0.0488254
-0.7373
0.177091
0.162229
-0.159317
-0.724094
-0.395215
0.46656
-0.459321
0.0982949
0.283082
0.0266952
-0.0259003
-0.0273662
0.0267108
0.817477
-0.903764
-0.690213
0.949182
-0.939698
-0.192791
-0.639502
0.642068
0.626088
0.597989
-0.343273
-0.664282
0.0485677
-0.0467682
-0.566449
0.659476
-0.63255
0.639338
-0.0174773
0.0411393
0.0377796
-0.699113
0.421697
-0.42658
-0.00140495
-0.266047
0.503615
0.19889
0.103113
0.199954
0.698123
0.263939
-0.262894
0.0083241
-0.512474
0.123748
0.869833
-0.869977
-0.780393
-0.190461
0.167429
-0.924504
-0.256394
0.257744
0.816143
0.0600679
0.533769
-0.0916074
0.0919992
0.673763
-0.133018
-0.868579
-0.288896
-0.0616708
0.237246
0.428115
-0.869549
-0.868729
0.867352
0.867269
-0.662845
-0.658246
0.664743
0.660621
0.00355248
-0.0236691
0.0129074
0.00461471
-0.561748
-0.98318
0.78646
-0.792825
-0.011183
-0.00905983
-0.553652
-0.526214
0.974438
-0.90104
-0.124446
-0.262758
0.134968
-0.134581
0.428345
-0.516663
-0.0977729
0.177187
-0.174972
0.213788
-0.210106
-0.205148
0.00189744
0.939061
-0.109169
-0.421261
-0.481925
0.365359
0.45694
0.0885809
-0.306558
0.395422
0.309867
0.0792972
-0.821736
0.821126
-0.0840254
0.315801
0.278516
-0.967578
-0.347377
-0.093232
-0.884232
-0.223443
0.225571
-0.565085
-0.0993354
-0.614719
0.617974
0.757957
0.373772
-0.369931
-0.867461
0.156583
-0.13005
-0.132391
-0.338934
-0.587836
0.561471
-0.733797
0.736004
-0.24036
0.000111527
0.0658796
-0.145967
0.69246
-0.837231
0.20252
-0.175133
0.175908
-0.0153355
-0.196388
0.0949741
-0.228852
-0.756233
0.161806
0.161747
-0.158841
-0.161312
0.06254
0.222806
-0.7043
0.70368
0.572313
-0.570078
-0.893266
0.89521
0.0971659
-0.455517
0.0449604
0.155135
0.206437
-0.154487
-0.200874
-0.525057
-0.0396085
-0.283853
-0.563435
-0.808935
0.240934
0.23586
-0.242194
-0.234438
0.986973
-0.027628
-0.13709
-0.377167
0.636554
0.226469
0.250719
-0.248349
-0.606582
0.0038142
-0.194711
-0.307541
-0.0937772
0.533444
0.537805
-0.535618
-0.53295
0.61234
-0.609466
0.0918786
-0.0885365
-0.549439
0.240256
-0.312064
-0.660162
0.636114
-0.49219
0.148928
0.145733
-0.146176
-0.147867
0.150137
0.584838
-0.560824
-0.0519116
0.0572162
-0.237344
0.239588
-0.132095
0.135499
-0.171028
0.325055
-0.0427945
0.357838
-0.358942
0.912494
-0.909781
-0.543451
0.554958
0.306375
0.835971
-0.834863
0.0413741
0.107473
-0.658046
0.658379
0.259747
-0.223775
-0.136015
-0.0425092
0.982659
0.36727
-0.361141
0.183938
-0.587691
-0.195663
0.178071
-0.32808
-0.187003
0.189159
-0.802803
0.187371
-0.188808
0.65839
-0.654627
0.781974
0.119377
-0.384512
-0.382568
0.38689
0.386822
-0.0643079
-0.14686
0.14986
0.530964
-0.0796281
0.0836272
-0.213302
0.214118
-0.0646095
-0.527364
-0.264745
0.386192
-0.0832647
-0.486334
-0.732363
0.512498
0.036884
0.261763
-0.391438
0.495413
-0.358195
-0.0529555
-0.904112
0.143514
-0.493502
0.496761
0.526006
-0.501414
-0.528026
0.208016
-0.205324
-0.0565682
0.53596
0.531785
-0.531701
-0.53567
0.635343
0.928296
0.174959
0.0496613
0.617967
-0.2827
-0.375859
-0.447898
-0.447999
0.452294
0.640433
-0.499349
0.501249
-0.465624
0.0642884
-0.539367
0.54718
0.199238
0.18908
-0.187274
0.264507
-0.265072
0.885886
0.459118
0.17927
-0.178589
0.808781
-0.475309
0.49065
0.489867
-0.481152
0.936136
-0.0392266
-0.483326
0.0583516
-0.711241
0.816348
0.580993
-0.587015
-0.00302142
-0.135926
0.161986
0.599305
0.601461
-0.60032
-0.597501
0.412415
-0.0706012
0.924594
0.925987
-0.92484
-0.924452
-0.16665
0.671418
-0.654643
0.106242
0.0668746
-0.0645802
-0.178795
0.15043
-0.149034
-0.614404
0.595477
-0.743
-0.293617
-0.284492
0.00648951
0.262829
0.605656
-0.599462
-0.596752
-0.754769
0.456421
-0.237785
0.955643
0.187492
0.572145
-0.347791
-0.0786658
-0.186736
0.184906
0.23801
-0.235658
0.469719
-0.557006
-0.450095
0.0931522
0.80264
0.624521
0.00528835
-0.00420553
0.20752
0.20295
-0.201758
-0.203736
-0.142975
0.450003
-0.252919
0.506856
0.735444
0.837078
0.544235
0.748569
0.421438
-0.242626
-0.418456
0.418962
0.178538
-0.503631
0.192261
-0.334337
0.455867
-0.38365
0.678993
-0.681335
0.49302
-0.492836
0.0673604
0.068195
0.228253
-0.0205115
-0.20803
0.208328
0.576934
0.86796
0.639602
-0.638631
0.34906
0.462852
0.0373911
-0.189439
0.703105
-0.979112
0.256808
0.374811
-0.371911
-0.394483
-0.844479
-0.790276
-0.205604
-0.203377
0.198872
0.197402
-0.103845
-0.780397
0.815527
-0.0146996
0.487844
-0.483231
-0.575632
0.811197
-0.809734
0.672094
0.0226259
-0.0191838
0.734672
0.603645
-0.732421
0.754164
0.749483
0.477658
-0.477086
0.750671
-0.188301
0.188259
0.324331
-0.331759
-0.295965
0.315596
-0.0457726
0.691399
-0.689717
-0.0469561
0.176659
-0.313853
0.337447
0.488625
0.9511
-0.268004
0.268749
0.0853603
-0.107028
-0.10578
0.10478
0.104629
0.231602
-0.233359
0.74693
-0.0367087
-0.864819
-0.954483
0.106311
-0.0836665
0.580499
0.577223
-0.581397
-0.576717
0.0963675
-0.505741
0.122483
0.533619
-0.638702
-0.144999
0.160845
0.757924
-0.448356
-0.566114
0.268946
-0.264719
-0.309681
0.447187
-0.499398
-0.756739
-0.574571
0.579877
0.0561703
-0.0534273
0.458261
-0.457375
-0.0998214
0.0989444
-0.743626
0.731092
-0.729791
0.752818
-0.769769
0.186117
0.213721
0.48196
0.67081
-0.670778
-0.934819
0.188787
-0.931103
0.46213
0.217931
0.22747
-0.573789
0.575984
0.0625336
-0.0442285
-0.529962
0.550989
0.196372
-0.193875
0.621375
-0.520045
0.517115
0.480328
0.259995
-0.257091
0.280219
-0.0582006
0.933698
0.324803
-0.32264
-0.47611
0.630502
0.467452
0.72805
0.956947
0.956324
-0.957263
-0.955519
0.205741
0.0255397
-0.0343893
-0.432633
-0.29146
0.908314
-0.750049
-0.422685
0.424639
0.125227
0.123859
-0.125111
-0.126827
-0.643968
-0.101464
-0.223326
0.219768
-0.217345
0.226468
0.57638
0.237411
0.217633
0.222541
-0.219956
-0.218694
0.136664
-0.130541
-0.958908
-0.213725
0.0112106
0.903674
-0.245861
0.248271
-0.16017
-0.106031
-0.593258
-0.170443
0.699682
-0.701161
0.693891
-0.695896
0.596961
-0.753648
0.758279
-0.0829718
-0.0782154
0.0824767
0.0843562
-0.203508
0.0602236
-0.904822
0.854339
0.0645322
0.269708
-0.263269
-0.188668
-0.0390187
-0.039254
0.0383366
0.039923
-0.00447359
-0.682916
0.0340184
-0.0922215
-0.172475
-0.724806
0.300849
0.823403
0.0429804
-0.0434772
0.644205
0.778384
-0.778455
0.933122
0.696921
0.472957
-0.46859
0.0458119
0.0693559
0.613734
-0.677614
-0.377821
-0.346896
0.0469955
0.496164
-0.622275
-0.47806
-0.175367
0.174558
-0.010887
0.0773874
-0.83876
0.807028
0.472028
0.467527
-0.466288
-0.474412
0.134927
0.0471295
0.0472797
-0.0471158
-0.0474942
-0.0115622
0.017617
-0.394162
0.393234
0.222305
0.398208
-0.312551
-0.312389
-0.055165
0.394316
0.204472
0.854837
-0.39437
0.193826
-0.535119
0.903698
0.156114
-0.157427
-0.304099
0.519143
-0.283371
0.024641
-0.18737
-0.122181
-0.86829
-0.869308
0.86621
0.86564
0.433996
0.286585
-0.896805
0.371833
0.838771
-0.839215
-0.668975
0.893813
0.29784
0.926861
0.452055
-0.452297
-0.0077679
0.761604
-0.278397
-0.244504
-0.915366
-0.82988
0.921182
0.0821003
0.975157
0.977163
-0.975468
-0.974515
0.70569
-0.461908
0.0688748
-0.261131
0.0837299
0.778615
-0.52226
-0.508175
0.511816
0.306284
-0.619711
-0.702142
0.312985
-0.310424
0.794875
-0.787097
0.0251912
-0.0185542
-0.187982
0.39133
-0.38625
0.69912
0.314639
0.557642
-0.15749
-0.275002
0.263146
-0.00642599
0.470908
-0.0380189
-0.661177
-0.0575957
0.059718
0.218737
-0.21864
0.0752051
-0.0735683
-0.0738881
0.0732456
-0.435691
-0.669646
-0.177329
0.178401
-0.485116
-0.896935
0.143804
-0.138843
-0.15192
0.427505
-0.422936
